{"0": {"2c": {"fit": {"component_params": [[-1.4525522009851162, -1.6360832407952826, 0.7046758363385534], [-1.798123253019028, 0.2688148540508043, 0.48150227155636055]], "weights": [[0.9830227116245023, 0.01697728837549783], [0.004460523982561541, 0.9955394760174384], [0.22212840001799833, 0.7778715999820016], [0.007449786891920858, 0.9925502131080792]]}}, "3c": {"fit": {"component_params": [[-1.726913913167574, -1.6364181166021907, 0.708617752531023], [-3.378170827743745, 0.24790313182221216, 0.5978740772756918], [0.3179830556101754, -0.03266022802347711, 0.30788164649659094]], "weights": [[0.9792614542181274, 0.020738545781872692, 4.064700216724965e-29], [0.0019565512244945947, 0.5018566359523668, 0.4961868128231386], [0.19942194096071394, 0.7066313717414502, 0.09394668729783595], [0.007254195444581776, 0.17426880753163548, 0.8184769970237827]]}}}, "100": {"2c": {"fit": {"component_params": [[-2.7475904230201382, -1.557959532780127, 0.7596843640973822], [-1.5286906568979417, 0.23670593462708872, 0.4602609293468728]], "weights": [[0.9944178724563962, 0.005582127543603863], [0.014029962269422526, 0.9859700377305775], [0.16253097863765537, 0.8374690213623447], [0.02375904665426595, 0.9762409533457339]]}}, "3c": {"fit": {"component_params": [[-3.0168120533905762, -1.5703570359189012, 0.7570013669678378], [-1.1761775525388916, -0.1991293482134613, 0.5236300016617523], [0.12964353754071614, -0.04306330808482531, 0.30008176568032235]], "weights": [[0.9939794473453751, 0.0017753228131651736, 0.004245229841459643], [0.014151166828422414, 3.773679060004882e-06, 0.9858450594925177], [0.14480339384524393, 0.26513657118317113, 0.590060034971585], [0.02315887767828843, 0.04392644517756577, 0.9329146771441459]]}}}, "101": {"2c": {"fit": {"component_params": [[-2.1535697191667484, -1.5909859313333565, 0.7394796493595536], [-1.8184119407053736, 0.24817501048729304, 0.48850623388441683]], "weights": [[0.9853795287407121, 0.014620471259287811], [0.008842890888290484, 0.9911571091117094], [0.1835336800479299, 0.8164663199520702], [0.004881680788574983, 0.995118319211425]]}}, "3c": {"fit": {"component_params": [[-0.8036144253470747, -2.522712661448838, 0.6290576958296011], [-0.6846206931220729, -1.7894713741101285, 0.4466150430767209], [-1.8004298360391524, 0.24653539654408313, 0.4860298397326092]], "weights": [[0.1672641371235913, 0.8183603301363217, 0.014375532740086959], [2.455221715362955e-104, 0.008933628077009195, 0.9910663719229907], [0.013580793938554438, 0.17151748421856128, 0.8149017218428842], [2.0220483919484434e-65, 0.005003172425853188, 0.9949968275741469]]}}}, "102": {"2c": {"fit": {"component_params": [[-2.3161213711805955, -1.555236864007916, 0.763294229629112], [-1.3904037095068325, 0.2088576420527607, 0.42914075909468363]], "weights": [[0.9915444196893143, 0.00845558031068578], [0.009264817224650793, 0.9907351827753493], [0.19442543188905756, 0.8055745681109425], [0.014887153942266392, 0.9851128460577335]]}}, "3c": {"fit": {"component_params": [[-2.629767071320125, -1.5727207001429608, 0.7587370584826642], [-4.6889114483148076, 0.21806274946964035, 0.6612179350089287], [0.012981820564957369, -0.025532908480995795, 0.305134245299205]], "weights": [[0.989808765688194, 0.010191234311805911, 1.4708686870807028e-56], [0.00930510478983778, 1.143319080557826e-06, 0.9906937518910816], [0.1706973921893464, 0.44770895163884167, 0.38159365617181196], [0.014556235704491785, 0.046138547125227844, 0.9393052171702804]]}}}, "103": {"2c": {"fit": {"component_params": [[-2.548020867450801, -1.5327251237926542, 0.761589943730293], [-1.8011105299299814, 0.27893213661102495, 0.4814773672426369]], "weights": [[0.9944230460603016, 0.00557695393969847], [0.00441475627493552, 0.9955852437250645], [0.1630636501744234, 0.8369363498255767], [0.01462291310586068, 0.9853770868941392]]}}, "3c": {"fit": {"component_params": [[-2.724968881912301, -1.5398743375777229, 0.7592274271602123], [0.25183188468375506, -0.5187339262101911, 0.38132803360500395], [0.6991287210421453, -0.12125331586103495, 0.3281670607056672]], "weights": [[0.9936706540907907, 0.004230872036152353, 0.002098473873056985], [0.004298144774930549, 0.16147119268543786, 0.8342306625396317], [0.1542675836225013, 0.2853456261743887, 0.5603867902031099], [0.0147083297459198, 0.07678660509305227, 0.9085050651610279]]}}}, "104": {"2c": {"fit": {"component_params": [[1.8781915377115286, -2.761747435414186, 0.8606003129733119], [-0.004768085562811015, -0.05884878536726125, 0.33816233010661095]], "weights": [[1.0, 5.348948862691219e-177], [3.481285133139623e-98, 1.0], [0.2209771723012409, 0.7790228276987591], [0.016399130342810736, 0.9836008696571893]]}}, "3c": {"fit": {"component_params": [[0.05580000784447448, -2.117602259268843, 0.49291339558966407], [-2.6698960754418173, 0.2157291948722375, 0.47459259670225457], [2.52503971557568, -0.0967272820024637, 0.361211129761372]], "weights": [[1.0, 0.0, 0.0], [0.0, 0.9998694111822035, 0.0001305888177964228], [0.20349649329718902, 0.7042845886618644, 0.0922189180409466], [0.015265906626741373, 0.5805903641998823, 0.40414372917337643]]}}}, "105": {"2c": {"fit": {"component_params": [[-2.6761598805262667, -1.4687460077203847, 0.8262840452481837], [-1.5554873327378882, 0.2239708555625023, 0.4356468461755367]], "weights": [[0.9828701532017982, 0.017129846798201905], [0.014422118333198663, 0.9855778816668013], [0.17491431866586696, 0.8250856813341331], [0.01836613140116902, 0.9816338685988311]]}}, "3c": {"fit": {"component_params": [[0.055275623563965176, -2.096133761180064, 0.5708708814510927], [0.6809863735744565, -0.48220295080936315, 0.4040674302464023], [0.29416603411786696, -0.09013756175060372, 0.3463527392447488]], "weights": [[0.9884491276987885, 6.920534006965725e-06, 0.011543951767204531], [0.014785099904338296, 0.22610389793913158, 0.75911100215653], [0.17353589629095773, 0.3590378994476199, 0.46742620426142245], [0.018954498746217636, 4.438613030399699e-42, 0.9810455012537824]]}}}, "106": {"2c": {"fit": {"component_params": [[-2.514333045318426, -1.5161516916160624, 0.8260710396956426], [-1.5943754125613303, 0.22448147891888298, 0.46538409441936224]], "weights": [[0.9829301450423303, 0.017069854957669543], [0.004661867127414599, 0.9953381328725854], [0.23217916981535974, 0.7678208301846403], [0.0146726644121334, 0.9853273355878668]]}}, "3c": {"fit": {"component_params": [[-2.9042178174151014, -1.5433348596805756, 0.8216570850636595], [-4.968639519490681, 0.13996037703641084, 0.7142469871994068], [-0.15192995433814788, 0.033012202988551356, 0.29594864028899276]], "weights": [[0.9794525971738122, 0.014346844492601925, 0.006200558333585822], [4.3325011073998454e-110, 0.14732614776294176, 0.8526738522370583], [0.1972108784416991, 0.425054647422547, 0.37773447413575395], [0.011110095295824745, 0.11214057104907006, 0.8767493336551051]]}}}, "107": {"2c": {"fit": {"component_params": [[-2.5252336181891843, -1.4896412584708, 0.8094474804629528], [0.11230138795819371, -0.08719837734815827, 0.32687466778526425]], "weights": [[0.9890209275660763, 0.010979072433923737], [0.00467004840224697, 0.9953299515977532], [0.19696798893806486, 0.8030320110619352], [0.01114017599309305, 0.988859824006907]]}}, "3c": {"fit": {"component_params": [[-3.3710205468250467, -1.5330977583522563, 0.7965236568201499], [-3.4217923250572873, 0.16341845190001614, 0.626388267821521], [0.1564664916841659, 0.01995166803466688, 0.2694947308546688]], "weights": [[0.9881138753323273, 0.007675992677014302, 0.004210131990658582], [6.952037741005091e-19, 0.35837501400154276, 0.6416249859984573], [0.14828737687245594, 0.5817107941296827, 0.27000182899786124], [0.008940990287481949, 0.1410378289169829, 0.8500211807955351]]}}}, "108": {"2c": {"fit": {"component_params": [[-2.4882567152449844, -1.5222373632415795, 0.7919437686797238], [-1.4513322830770063, 0.2078722522440996, 0.446094140336769]], "weights": [[0.9829698379727705, 0.017030162027229494], [0.00460065681981033, 0.9953993431801896], [0.18560529487719535, 0.8143947051228047], [0.014979969821175372, 0.9850200301788244]]}}, "3c": {"fit": {"component_params": [[-3.076508489037302, -1.569011219181729, 0.8207072859706489], [1.7622669703932439, -2.1773072277222996, 0.6928199548063292], [-1.2376003130909343, 0.1827780034403187, 0.4156326948349141]], "weights": [[0.9127660920800855, 0.0738488515985967, 0.013385056321317772], [1.7382612854434365e-39, 0.004854112297362474, 0.9951458877026375], [0.043094729902352844, 0.16922155433601677, 0.7876837157616303], [0.010543164452547072, 0.00558140949206554, 0.9838754260553875]]}}}, "109": {"2c": {"fit": {"component_params": [[-2.016833543057969, -1.5930943380056384, 0.7252388876414012], [-1.6564042172246312, 0.24102790088214954, 0.4517291509648977]], "weights": [[0.9887868317080487, 0.011213168291951148], [0.0, 1.0], [0.18730982349771783, 0.8126901765022823], [0.008953709452991763, 0.9910462905470083]]}}, "3c": {"fit": {"component_params": [[-2.7793374455756066, -1.5953136943001123, 0.7318334506991548], [0.21826066539391303, -0.6453463169241025, 0.39897961572538604], [1.0411757242050719, -0.19488209441405266, 0.33730388997218885]], "weights": [[0.9812401538057698, 0.018759846194230215, 0.0], [0.0, 0.0619526824565161, 0.9380473175434838], [0.16090998896872555, 0.2330331117231717, 0.6060568993081028], [0.007649478340552035, 0.057362147593317064, 0.9349883740661308]]}}}, "10": {"2c": {"fit": {"component_params": [[-2.2405577088069895, -1.5267283203070239, 0.8055797687135612], [-1.6542120151028268, 0.24656567320461487, 0.45915630608556646]], "weights": [[0.991833855394113, 0.008166144605887077], [1.0443529261691946e-239, 1.0], [0.21149677352117124, 0.7885032264788288], [0.01095088458094233, 0.9890491154190577]]}}, "3c": {"fit": {"component_params": [[-2.338127069297733, -1.524586546973604, 0.8074844256218805], [0.10076012060658206, -0.26096142348061124, 0.33437518537045696], [2.621297368204274, -0.12975559824836966, 0.33502777843175136]], "weights": [[0.9915719009929368, 0.008428099007063214, 3.428311451984033e-116], [0.0, 0.5485242005767529, 0.451475799423247], [0.20895560327403068, 0.5452023699064745, 0.24584202681949485], [0.011118420986883133, 0.3970342808410304, 0.5918472981720866]]}}}, "110": {"2c": {"fit": {"component_params": [[-2.7423441838039277, -1.4984943681658396, 0.7921339761487993], [-1.618055888205146, 0.23477177569165658, 0.46103123073105456]], "weights": [[0.9917146191087981, 0.008285380891201873], [0.008810282293148022, 0.9911897177068519], [0.17387869824717508, 0.8261213017528248], [0.007235019733568502, 0.9927649802664317]]}}, "3c": {"fit": {"component_params": [[-2.9496380788998735, -1.5200302504370224, 0.7862092576422351], [-2.1762587559120763, 0.0668282486459594, 0.6889101242089358], [-0.6789649352130249, 0.13388449763070945, 0.3332038911248931]], "weights": [[0.9918094968422487, 3.9904318624309604e-10, 0.008190502758708274], [0.008429252345267216, 0.014148190407736821, 0.9774225572469959], [0.14781044178455185, 0.30648392317329576, 0.5457056350421524], [0.0050935167805591305, 0.09453820666158874, 0.9003682765578521]]}}}, "111": {"2c": {"fit": {"component_params": [[-2.374885086631906, -1.5895643359779021, 0.7413196104274505], [-1.6454323586185462, 0.21440679695381631, 0.44674379695388694]], "weights": [[0.9915474604661852, 0.008452539533814767], [0.004508251566890293, 0.9954917484331098], [0.17093421765607303, 0.829065782343927], [0.014551217897214861, 0.9854487821027851]]}}, "3c": {"fit": {"component_params": [[-2.7443501014664498, -1.6008719817786683, 0.7391591127423707], [-1.0154382786198775, -0.22505400849623833, 0.4358308925218814], [0.07328010122528854, -0.012294759935595246, 0.2611216130418275]], "weights": [[0.990620718926725, 0.0034988482427789503, 0.005880432830496116], [0.0042004908308671375, 0.11465244176101717, 0.8811470674081157], [0.15154344486568758, 0.36223088986900087, 0.4862256652653116], [0.014120211655226112, 0.08903431346484192, 0.8968454748799319]]}}}, "112": {"2c": {"fit": {"component_params": [[-2.6993224113825756, -1.4753899832707957, 0.8222383824208679], [-1.3325741792924846, 0.2054626136030162, 0.43240307133600386]], "weights": [[0.9945053196483544, 0.0054946803516456085], [0.004597896389490686, 0.9954021036105095], [0.15814591047543952, 0.8418540895245605], [0.014801621947325561, 0.9851983780526744]]}}, "3c": {"fit": {"component_params": [[-2.884040523809365, -1.4876073813908726, 0.8189515682896843], [-6.2150099327666375, 0.20587294084063212, 0.5823572999648785], [-0.24377078929261128, 0.07749418924558912, 0.30560049859591787]], "weights": [[0.9946198323127083, 1.1246819918515236e-08, 0.005380156440471638], [0.0033279015777726876, 0.27841124928269423, 0.718260849139533], [0.14356778999096254, 0.5842011544423853, 0.2722310555666521], [0.014300108976551524, 0.13733069221683533, 0.8483691988066131]]}}}, "113": {"2c": {"fit": {"component_params": [[-2.367348932622948, -1.4588031472789251, 0.7950722134436257], [-1.4632365198493387, 0.2172653712087595, 0.42590430551011627]], "weights": [[0.9944002180882342, 0.005599781911765665], [0.004711678073315557, 0.9952883219266845], [0.2182505118458202, 0.7817494881541797], [0.013026441127234317, 0.9869735588727655]]}}, "3c": {"fit": {"component_params": [[-2.644075107639094, -1.490256305053728, 0.7833885306185268], [-5.55159013835839, 0.18292125548755067, 0.6150297012962199], [0.23252700735281498, -0.04523586548983112, 0.2963025881384259]], "weights": [[0.9928131712694915, 0.007186828730508605, 1.768722885901978e-72], [0.002284863534670811, 0.2674238820739522, 0.730291254391377], [0.18780468966098451, 0.48468006190266344, 0.32751524843635205], [0.01285159249938043, 0.051289250472284324, 0.9358591570283352]]}}}, "114": {"2c": {"fit": {"component_params": [[-1.8684750725466592, -1.5574650372424201, 0.7281057370750551], [-1.669031544249279, 0.2502763890677434, 0.4751967101937077]], "weights": [[0.9885456842409894, 0.01145431575901072], [0.013646814833850607, 0.9863531851661496], [0.21009541536450146, 0.7899045846354985], [0.0037119738505209626, 0.9962880261494791]]}}, "3c": {"fit": {"component_params": [[-2.099540073920944, -1.569437909562514, 0.7263529668598486], [-4.243176895442432, 0.16034027422332703, 0.5809975603744607], [-0.24695954005521745, 0.12440722513541347, 0.28766039399881455]], "weights": [[0.9853428692984703, 0.014657130701529802, 5e-324], [0.011468647907649655, 0.3869371525642124, 0.601594199528138], [0.18946051872295058, 0.5328465347343202, 0.27769294654272914], [0.0030977987010408956, 0.27531525239019333, 0.7215869489087658]]}}}, "115": {"2c": {"fit": {"component_params": [[-2.56608756477848, -1.4903017236759255, 0.821761702008544], [-1.7566156913391522, 0.24802070537988974, 0.4600894184491842]], "weights": [[0.9800168817155905, 0.019983118284409497], [0.014392386597238668, 0.9856076134027615], [0.17172767849230217, 0.8282723215076978], [0.01644532119538719, 0.983554678804613]]}}, "3c": {"fit": {"component_params": [[-3.622522788625546, -1.5232361853028806, 0.8201392767415222], [-3.2123048909200427, 0.0548719734717082, 0.7802217844049371], [0.2904823653248298, -0.07236541456362108, 0.2933276795215172]], "weights": [[0.9684339259800047, 0.024630778744960388, 0.006935295275034877], [0.005310091632670863, 0.1210939705984634, 0.8735959377688657], [0.12238625037299278, 0.3416020319276307, 0.5360117176993765], [0.01443186007919287, 0.03198132658299933, 0.9535868133378078]]}}}, "116": {"2c": {"fit": {"component_params": [[-2.2133671350377964, -1.5073802651389938, 0.8219927186643466], [-1.5931210580630666, 0.23489771068062212, 0.48230129569737223]], "weights": [[0.9974805554024655, 0.0025194445975345587], [6.856504920802549e-199, 1.0], [0.18401485917491292, 0.8159851408250871], [0.007237207787464922, 0.9927627922125353]]}}, "3c": {"fit": {"component_params": [[-2.4090131608667646, -1.534044545834772, 0.813057175623578], [-5.297076052477585, 0.2278997979864738, 0.6179489353469758], [1.2069422235343163, -0.18194052661146787, 0.38085490429622293]], "weights": [[0.9965891816917009, 0.0034108183082991856, 8.891743656148704e-272], [0.0, 0.4787053134906667, 0.5212946865093332], [0.15732499466950858, 0.6707150930005153, 0.1719599123299761], [0.006095998466559942, 0.28055140927263345, 0.7133525922608066]]}}}, "117": {"2c": {"fit": {"component_params": [[-2.9229215116657463, -1.4968499368210257, 0.8385576339779193], [-1.9395214588185765, 0.25136641391985637, 0.4881881567022429]], "weights": [[0.9807385667119662, 0.019261433288033647], [6.456798853313095e-287, 1.0], [0.16635363016058805, 0.833646369839412], [0.009017017235127819, 0.9909829827648722]]}}, "3c": {"fit": {"component_params": [[-3.164325202856671, -1.544877114563072, 0.826724310480605], [-2.2664612426788597, -0.11091467451101265, 0.8075322009520403], [0.21772310543670148, -0.08841211682915126, 0.3034978843017584]], "weights": [[0.9809223709201704, 7.775260468744646e-54, 0.019077629079829503], [0.0, 0.015446549565038603, 0.9845534504349615], [0.10962965120690504, 0.2882855541527512, 0.6020847946403437], [0.00433216599614502, 0.04397646078715972, 0.9516913732166953]]}}}, "118": {"2c": {"fit": {"component_params": [[-2.3552660553052687, -1.5300435139005777, 0.7764552996343786], [-1.618660834076332, 0.23756213134035098, 0.4462967428238738]], "weights": [[0.9831761508508566, 0.016823849149143425], [0.004535212572151701, 0.9954647874278484], [0.16887821362834643, 0.8311217863716537], [0.005725389883877335, 0.9942746101161226]]}}, "3c": {"fit": {"component_params": [[-2.537666178083419, -1.5402772919156429, 0.7737350449608088], [-4.622279714478746, 0.18995253737295276, 0.545249164276522], [1.0303074732444892, -0.13457080275313724, 0.33843555027099753]], "weights": [[0.9836031732498156, 2.9065608156849476e-08, 0.016396797684576248], [0.003371611254767646, 0.5008155280070061, 0.4958128607382263], [0.15483348103529737, 0.5997098360380219, 0.2454566829266807], [0.005595532930254474, 0.22626623703214577, 0.7681382300375997]]}}}, "119": {"2c": {"fit": {"component_params": [[-2.711789026775977, -1.469462278612367, 0.849686998451766], [-1.6915440399641335, 0.2484640808551144, 0.46441313694684855]], "weights": [[0.9914696932735696, 0.008530306726430409], [0.004633987044690991, 0.9953660129553089], [0.20369112178075577, 0.7963088782192442], [0.005310646519745869, 0.9946893534802541]]}}, "3c": {"fit": {"component_params": [[-2.9473279519270994, -1.4796603245360351, 0.8478045848104715], [-4.638222431892033, 0.20585361784023537, 0.5669451143794975], [-0.25069559934705093, 0.10881333143651574, 0.29615275136851893]], "weights": [[0.991711459042101, 2.4610935579359374e-146, 0.00828854095789889], [0.0020571667105291325, 0.738243814298634, 0.25969901899083675], [0.18983237227453834, 0.5203477775090424, 0.28981985021641926], [0.004935859854156587, 0.19238183597453076, 0.8026823041713127]]}}}, "11": {"2c": {"fit": {"component_params": [[-2.42179428036314, -1.5330499431675149, 0.7142926772526109], [-1.5205549379704606, 0.23223188168741016, 0.45706292845512875]], "weights": [[0.9772716505611172, 0.02272834943888282], [4.955606111287503e-266, 1.0], [0.16278322764257677, 0.8372167723574232], [0.0162551602122683, 0.9837448397877315]]}}, "3c": {"fit": {"component_params": [[-2.783353955606003, -1.5378872452681653, 0.714835601391284], [-0.8630946879154224, -0.18520605744069485, 0.4229849341692957], [-0.03702356769369606, 0.04503663574847258, 0.2763428555815925]], "weights": [[0.9760366612939935, 0.0069741697920087916, 0.01698916891399783], [0.0, 0.1868173252600486, 0.8131826747399513], [0.14889971079663195, 0.368650186908429, 0.482450102294939], [0.01606468153597938, 0.11554863304116432, 0.8683866854228564]]}}}, "120": {"2c": {"fit": {"component_params": [[-2.3594435821982764, -1.504351892771973, 0.8082595268282838], [-1.9717699420233958, 0.26247767714487036, 0.48611720775763767]], "weights": [[0.9973120950900639, 0.002687904909935996], [0.009024948019577303, 0.9909750519804227], [0.1810343455327939, 0.8189656544672062], [0.012579637696009938, 0.9874203623039901]]}}, "3c": {"fit": {"component_params": [[-3.1506127516252325, -1.5431314833500156, 0.8252447367771729], [-0.4153452291762778, -1.208057669888566, 0.569985149387132], [0.1440786532208345, -0.0806007074658848, 0.30577738926247966]], "weights": [[0.9641954647035785, 0.03580453529642151, 9.400791966390316e-69], [1.8853210753827007e-94, 0.0131167536254735, 0.9868832463745265], [0.08584465661641229, 0.17594783883508014, 0.7382075045485077], [2.180313792289538e-98, 0.03199246127147177, 0.9680075387285281]]}}}, "121": {"2c": {"fit": {"component_params": [[-2.5481973774445716, -1.5749525667983544, 0.7646899824673546], [-1.4980372554683274, 0.22428462870806867, 0.4530812128354459]], "weights": [[0.980474592792255, 0.01952540720774488], [1.803626504027814e-248, 1.0], [0.17816885854913175, 0.8218311414508683], [0.010980845045214335, 0.989019154954786]]}}, "3c": {"fit": {"component_params": [[-2.830966235707803, -1.5795204668413518, 0.764501846701316], [-0.6982315109534571, -0.2342616558646018, 0.39981150935178766], [-0.19347842054350758, 0.05588000377351923, 0.2843432658077346]], "weights": [[0.9784742029308744, 0.015479232931181744, 0.0060465641379437805], [0.0, 0.21092566015459052, 0.7890743398454094], [0.16841865461646605, 0.29582830793599946, 0.5357530374475346], [0.010930200699204686, 0.10679162773939971, 0.8822781715613957]]}}}, "122": {"2c": {"fit": {"component_params": [[-2.711187725351539, -1.525736936566048, 0.7561858912513805], [0.11679112428293502, -0.09071482428151632, 0.34200881518186144]], "weights": [[0.9863880152754683, 0.013611984724531742], [0.009749821791051728, 0.9902501782089483], [0.19083346694107703, 0.8091665330589229], [0.011122827670011241, 0.9888771723299887]]}}, "3c": {"fit": {"component_params": [[-3.383884852216767, -1.5457610691418648, 0.7515916454134774], [-3.48299176643041, 0.17459467826026714, 0.6059979098859897], [-0.4257215628720712, 0.1542513075787023, 0.2938585598711785]], "weights": [[0.9858273289134812, 0.0016120946778195038, 0.012560576408699177], [0.006903261159454863, 0.3718436529636934, 0.6212530858768518], [0.16262335554152912, 0.5779905495555862, 0.2593860949028847], [0.00906106447820919, 0.16919990338551535, 0.8217390321362754]]}}}, "123": {"2c": {"fit": {"component_params": [[-2.307057281737856, -1.5224116817741506, 0.8103548685750962], [-1.684058108937559, 0.2508160712306145, 0.4790577239325447]], "weights": [[0.9917450912696106, 0.008254908730389324], [1.4297666709947455e-215, 1.0], [0.19093928269771135, 0.8090607173022886], [0.008573140271666165, 0.9914268597283339]]}}, "3c": {"fit": {"component_params": [[-2.851034059308083, -1.5555306442575965, 0.8006271024114938], [-0.9528296404102743, -0.3802319341732049, 0.5022192876519022], [-0.18786346862850958, 0.03248113201716103, 0.29610189215718147]], "weights": [[0.9839999269927711, 0.013333642636412358, 0.0026664303708165624], [0.0, 0.04594514733335519, 0.9540548526666448], [0.15662214004800476, 0.23237810053138866, 0.6109997594206066], [0.006124501957883582, 0.05070041452945993, 0.9431750835126564]]}}}, "124": {"2c": {"fit": {"component_params": [[-3.634168174875218, -1.4864353427952959, 0.8869574790698804], [-2.0176226311832406, 0.271531280171866, 0.5116574956949442]], "weights": [[0.9830538890031634, 0.016946110996836506], [0.0, 1.0], [0.19624361060312012, 0.8037563893968799], [0.010051726834377325, 0.9899482731656226]]}}, "3c": {"fit": {"component_params": [[-4.253615523486115, -1.5132466337123407, 0.8787186363179791], [-2.490491412408556, 0.19784430704805162, 0.6602503055898654], [-1.0569071302882598, 0.20678537243860126, 0.3635494740816448]], "weights": [[0.9817117727414129, 0.015616561838292586, 0.002671665420294508], [0.0, 0.18983860344483083, 0.810161396555169], [0.17079168933345068, 0.657559369072864, 0.1716489415936853], [0.009435129263856654, 0.08709568335294678, 0.9034691873831966]]}}}, "125": {"2c": {"fit": {"component_params": [[-2.1103240311728406, -1.5148655391786527, 0.8092795007602894], [0.10291276445174144, -0.07372141190509926, 0.32816616517742236]], "weights": [[0.9948185793207261, 0.0051814206792737795], [0.005030145757626985, 0.9949698542423729], [0.20402795454046338, 0.7959720454595366], [0.014025412718468452, 0.9859745872815315]]}}, "3c": {"fit": {"component_params": [[-2.5927340482411556, -1.529673267450185, 0.8066077783608254], [0.21458652904923417, -0.33259447624715743, 0.35676305558384436], [2.6447862775009816, -0.12650354752238546, 0.32698909046855335]], "weights": [[0.9940443125944463, 0.004413694706038183, 0.0015419926995156115], [0.004843750157812477, 0.45537492000818475, 0.5397813298340027], [0.17813117363935047, 0.48518750195769283, 0.33668132440295667], [0.012940061550053538, 0.32360413774538915, 0.6634558007045572]]}}}, "126": {"2c": {"fit": {"component_params": [[-2.784747591816266, -1.5506649665481753, 0.7992225319337911], [-1.8195964518698937, 0.2523863249816073, 0.47659749487423986]], "weights": [[0.9911029126649699, 0.008897087335030196], [0.004399414717382099, 0.9956005852826179], [0.15992255001568145, 0.8400774499843184], [0.008298600143473943, 0.991701399856526]]}}, "3c": {"fit": {"component_params": [[-3.997566898110581, -1.5778318312886515, 0.7947578764944465], [1.4094026075974087, -1.2948833912842335, 0.493544021693771], [-1.1320469625886793, 0.18035165922144478, 0.3893451817306533]], "weights": [[0.9843791631920534, 0.009166478819177521, 0.0064543579887690935], [0.004602209583245468, 8.840728715683766e-34, 0.9953977904167546], [0.12144360729421314, 0.1211640619488058, 0.757392330756981], [0.007882450137998695, 0.004328659736984369, 0.9877888901250169]]}}}, "127": {"2c": {"fit": {"component_params": [[-2.1254145443198267, -1.5647128810072264, 0.7615677777406359], [-1.6897743255111728, 0.21575638666247354, 0.4579113716288171]], "weights": [[0.985411037916317, 0.014588962083682974], [0.004717770093538091, 0.9952822299064619], [0.18424177337700032, 0.8157582266229997], [0.008886697493506792, 0.9911133025064932]]}}, "3c": {"fit": {"component_params": [[-3.148732337788372, -1.5754431869720018, 0.7683562827041229], [0.25678756315557644, -0.8756438378807087, 0.4494546659926806], [0.9515188147999539, -0.25645992269377355, 0.35933032261141584]], "weights": [[0.9687453503723661, 0.02327816936351211, 0.007976480264121668], [0.002410603421124827, 0.030503308102244157, 0.9670860884766311], [0.15260227467197646, 0.1380640838769532, 0.7093336414510703], [0.00594390721405101, 0.03390297231633771, 0.9601531204696113]]}}}, "128": {"2c": {"fit": {"component_params": [[-2.431571386448175, -1.5058538540712982, 0.7720320331093676], [-1.6589786494114631, 0.23421681834767205, 0.4330018830543037]], "weights": [[0.9943164882135541, 0.005683511786445931], [0.004795112804383301, 0.9952048871956166], [0.1893579556487233, 0.8106420443512766], [0.011129807253205984, 0.988870192746794]]}}, "3c": {"fit": {"component_params": [[-2.7199004068396317, -1.5169205840167979, 0.7701120191072379], [-5.392743796001912, 0.20654356935043408, 0.5563346229947977], [0.7077025253437592, -0.10192359283641603, 0.30963379398817925]], "weights": [[0.9944646696510036, 3.613030832059366e-181, 0.00553533034899649], [0.003336210542924399, 0.5506616559985006, 0.4460021334585751], [0.17189069393517753, 0.5444974127558474, 0.2836118933089751], [0.010358980293254704, 0.173432093878702, 0.8162089258280433]]}}}, "129": {"2c": {"fit": {"component_params": [[-2.564773274608148, -1.5294150315722925, 0.7962643852051737], [-0.0184572902733028, -0.0784057111936981, 0.33956479626108343]], "weights": [[0.9781929491538034, 0.021807050846196503], [0.0, 1.0], [0.19634189606335584, 0.8036581039366442], [0.013219656222619154, 0.9867803437773809]]}}, "3c": {"fit": {"component_params": [[-3.3072963863534666, -1.5452796112727056, 0.7951253012732785], [-4.677279386683559, 0.16649464599207087, 0.5821561587072078], [0.3051786518926801, 0.0018334361102605229, 0.2784273999114717]], "weights": [[0.9782015761982636, 2.3432324491117077e-19, 0.02179842380173642], [0.0, 0.5465996671532111, 0.4534003328467889], [0.16627882343234904, 0.6064014766434437, 0.22731969992420736], [0.011668348882032064, 0.24635800780746575, 0.7419736433105022]]}}}, "12": {"2c": {"fit": {"component_params": [[-2.4625690455061098, -1.5336943895046755, 0.8352086966442873], [-1.8048187847744954, 0.25085686560841297, 0.4761246764087857]], "weights": [[0.9826198607255979, 0.01738013927440205], [0.009186393627747312, 0.9908136063722527], [0.20213305777859403, 0.797866942221406], [0.008626477080044498, 0.9913735229199553]]}}, "3c": {"fit": {"component_params": [[-3.87305097173422, -1.5851525062378828, 0.8401601534670813], [0.05317956022992604, -1.5296850391333954, 0.5743572588080889], [-0.055301957736017884, -0.044365986100867644, 0.31734472351118637]], "weights": [[0.9287577958488469, 0.05873331438898966, 0.0125088897621634], [1.1315299735618091e-13, 0.011377252414872217, 0.9886227475850149], [0.10419511183229625, 0.1497316043254468, 0.7460732838422569], [0.0010407135434457753, 0.016281735611676184, 0.9826775508448778]]}}}, "130": {"2c": {"fit": {"component_params": [[-2.88143944497547, -1.4328080474461808, 0.8984399347006621], [-1.6456890227457026, 0.2749535343259101, 0.48438630728168763]], "weights": [[0.9858932802320947, 0.014106719767905236], [0.004542266789448893, 0.9954577332105512], [0.17321728401768113, 0.8267827159823189], [0.007054726097606191, 0.9929452739023938]]}}, "3c": {"fit": {"component_params": [[0.7500681763294781, -3.358308920080801, 0.6624095480513299], [-0.27763024176066564, -1.8420320937909946, 0.4471801115166923], [-1.5902293073063356, 0.2693855025290024, 0.47793225775160636]], "weights": [[0.15602752599573108, 0.8305547605568768, 0.013417713447391998], [0.0, 0.004647680865254435, 0.9953523191347455], [0.01531916057885474, 0.16205364494720664, 0.8226271944739385], [0.000816206523186771, 0.006324249183603519, 0.9928595442932098]]}}}, "131": {"2c": {"fit": {"component_params": [[-2.562880341415151, -1.5110241056678833, 0.8079121711254235], [-1.5825574026393345, 0.22616795002221757, 0.4427345329955095]], "weights": [[0.9944189808248951, 0.005581019175104857], [0.009008915850646464, 0.9909910841493536], [0.21367738334120034, 0.7863226166587997], [0.022193811205935457, 0.9778061887940647]]}}, "3c": {"fit": {"component_params": [[-3.0015217659685804, -1.548369533982627, 0.7941216986892349], [-4.832672709216507, 0.19824305029489486, 0.6421117833378869], [0.48189505337036265, -0.09723097972295397, 0.30883243424222745]], "weights": [[0.9927912625662788, 0.007208737433721218, 2.0536649449921067e-116], [0.005353618930476346, 0.2922482655362098, 0.7023981155333138], [0.1773547245802639, 0.5620580555650937, 0.2605872198546424], [0.021496626429597442, 0.07084861842886477, 0.9076547551415378]]}}}, "132": {"2c": {"fit": {"component_params": [[-0.04466225468712402, -2.067953101474088, 0.5301387583447817], [-1.7779848481783684, 0.24618857841678982, 0.454147355808115]], "weights": [[0.9971543542211492, 0.002845645778850897], [4.3476623057443556e-308, 1.0], [0.2508859924000037, 0.7491140075999964], [0.018859726482675317, 0.9811402735173248]]}}, "3c": {"fit": {"component_params": [[-3.2896856288625225, -1.5260651842073831, 0.776461582197425], [-4.600090249716704, 0.21013106987924418, 0.5486668961329534], [0.47311354864058197, -0.037730641864190506, 0.29535258286974253]], "weights": [[0.997117446386916, 5e-324, 0.0028825536130840973], [0.0, 0.6959997982921965, 0.30400020170780356], [0.2289881829532671, 0.5167639396281212, 0.25424787741861177], [0.01724901464552997, 0.3079553455784312, 0.6747956397760388]]}}}, "133": {"2c": {"fit": {"component_params": [[-1.8424096750593715, -1.5473703495436424, 0.751317526501181], [-1.9115374942952041, 0.2564167570131256, 0.47239548939028486]], "weights": [[0.9982095657306829, 0.0017904342693171832], [0.0043946665888044524, 0.9956053334111955], [0.15408190530818297, 0.845918094691817], [0.017062537156628116, 0.9829374628433719]]}}, "3c": {"fit": {"component_params": [[-1.9770287108265132, -1.5469323098037417, 0.7527105970793259], [0.2161203931055961, -0.4087408472578449, 0.35193877882966906], [1.1379399459264772, -0.14532547373741017, 0.31679225479446027]], "weights": [[0.9965538379111173, 0.0034461620888826495, 4.2901412694757524e-299], [0.004496828724254149, 0.302488959900317, 0.693014211375429], [0.14786351205421813, 0.37356629923565626, 0.47857018871012563], [0.0171409835166254, 0.21712693219849624, 0.7657320842848785]]}}}, "134": {"2c": {"fit": {"component_params": [[-1.9023153800715586, -1.5103477575578799, 0.784954357996133], [-1.5359930077059338, 0.22530557426483144, 0.43435827665829857]], "weights": [[0.9958699167246174, 0.004130083275382421], [0.004637986288925883, 0.9953620137110741], [0.191545280094791, 0.8084547199052091], [0.01115239882288083, 0.9888476011771191]]}}, "3c": {"fit": {"component_params": [[-3.1768285517080233, -1.5382797882596306, 0.7876679848258005], [1.5409720241516915, -1.2964202326793313, 0.492285945608659], [-0.9961020730420411, 0.16096759722017265, 0.3676238303531748]], "weights": [[0.9672313333719634, 0.0327686666280365, 4.2136812503106506e-97], [0.0045542255586914875, 0.0007036160573254896, 0.9947421583839829], [0.13815389087003635, 0.11873422234168896, 0.7431118867882747], [0.011081330312073093, 2.680542248517538e-23, 0.9889186696879269]]}}}, "135": {"2c": {"fit": {"component_params": [[-2.3924219660645605, -1.5246382528917293, 0.7706581730219713], [-2.1289186185418587, 0.27715689202418425, 0.49530172546820445]], "weights": [[0.9945097479399803, 0.005490252060019689], [1.602885756485432e-194, 1.0], [0.15519476956592157, 0.8448052304340785], [0.018136547801949145, 0.9818634521980508]]}}, "3c": {"fit": {"component_params": [[-2.6456388022378263, -1.5445071617818664, 0.7655101583584959], [-4.069790518532776, 0.18350819432265908, 0.6116340790352793], [0.6101938528482352, -0.06282468087549974, 0.2911385722194357]], "weights": [[0.9933394956955012, 0.006660504304498887, 0.0], [0.0, 0.47417900704320604, 0.5258209929567939], [0.1312866840495371, 0.6146788914641135, 0.25403442448634933], [0.017087839069751847, 0.18788640425518738, 0.7950257566750608]]}}}, "136": {"2c": {"fit": {"component_params": [[-2.2631884289206683, -1.6083986312981389, 0.7381098679782553], [-1.6209039677536943, 0.24551294126241507, 0.4721400285512418]], "weights": [[0.9885712309956544, 0.01142876900434555], [0.0044847678712790365, 0.995515232128721], [0.16368769565163294, 0.8363123043483671], [0.007021666681414831, 0.9929783333185851]]}}, "3c": {"fit": {"component_params": [[0.0632220339221636, -2.1779767730529898, 0.5121915643894854], [-6.59940337802985, 0.20882367071526986, 0.6714202498776782], [0.8288511083563619, -0.16562639482440134, 0.3481474591158366]], "weights": [[0.9902256345525429, 0.009774365447457, 5.826266230500349e-104], [0.0006041710072624981, 0.18426193877658428, 0.8151338902161532], [0.14906536734616258, 0.45107910241355426, 0.3998555302402832], [0.0054025266610666246, 0.14375189509371797, 0.8508455782452155]]}}}, "137": {"2c": {"fit": {"component_params": [[-2.2146660914561758, -1.4966027455982323, 0.8161461783142628], [-1.3651153788555097, 0.19979618653848394, 0.4333519861223974]], "weights": [[0.9721579356710053, 0.02784206432899482], [0.004551508306423545, 0.9954484916935765], [0.21444609672386006, 0.7855539032761399], [0.01687674727390081, 0.9831232527260994]]}}, "3c": {"fit": {"component_params": [[-3.0806925147390074, -1.548483912801097, 0.8055317282936071], [-9.369569526250029, 0.21699899892784258, 1.072189414633179], [-0.6267068408512194, 0.09978123084531804, 0.3430012132591277]], "weights": [[0.952624384378359, 0.04572984690652758, 0.0016457687151133795], [0.0022882216543641254, 0.014110687857533506, 0.9836010904881024], [0.1353419130013466, 0.31235329919409266, 0.5523047878045608], [0.012999461313081136, 0.026430569290965406, 0.9605699693959536]]}}}, "138": {"2c": {"fit": {"component_params": [[-2.925446385097689, -1.474568098202527, 0.8540015085595727], [-1.912994292781726, 0.25977967137353525, 0.47665437467835037]], "weights": [[0.9887011937756165, 0.011298806224383352], [0.0, 1.0], [0.18919704512920654, 0.8108029548707936], [0.01618643170001173, 0.9838135682999883]]}}, "3c": {"fit": {"component_params": [[-3.8873074819618574, -1.4837478603672647, 0.8591124881561887], [-2.5421141827697213, 0.06938588249097691, 0.5665961144532295], [1.0946287085748334, -0.12176117054752, 0.3088060540304103]], "weights": [[0.986396068930961, 0.012857641377295427, 0.0007462896917436615], [0.0, 0.4281843397550093, 0.5718156602449906], [0.1615773464645708, 0.5316533199394332, 0.30676933359599595], [0.015075249785648155, 0.1260939259400471, 0.8588308242743047]]}}}, "139": {"2c": {"fit": {"component_params": [[-2.5172667533134363, -1.4915319098715227, 0.822480315163224], [-1.7689195129334403, 0.2533857181090459, 0.49163637763954404]], "weights": [[0.9944178155224109, 0.005582184477589014], [1.083769213065259e-208, 1.0], [0.1932335607829892, 0.8067664392170107], [0.017821916854356818, 0.9821780831456434]]}}, "3c": {"fit": {"component_params": [[-2.7288658747148626, -1.5032745683426898, 0.819285153887529], [-5.467524449634932, 0.2302612551760012, 0.5630808974500965], [-0.19003468227521123, 0.1608665535955903, 0.30162011645328957]], "weights": [[0.9938044291886186, 0.006195570811381436, 1.416900125771925e-290], [0.0, 0.7882498623676868, 0.21175013763231312], [0.1796435421694179, 0.7088064425875286, 0.11155001524305364], [0.016601477047531833, 0.4139109577230216, 0.5694875652294465]]}}}, "13": {"2c": {"fit": {"component_params": [[-2.577249124495542, -1.535454159705404, 0.8105300801120267], [-1.9344591576103545, 0.24158213383786292, 0.4727564204117124]], "weights": [[0.9945531326607919, 0.0054468673392080915], [1.5138503103564576e-238, 1.0], [0.15382554287100134, 0.8461744571289985], [0.014827346628121326, 0.9851726533718786]]}}, "3c": {"fit": {"component_params": [[-2.8064105772479886, -1.5464762979964024, 0.8074782626543527], [-1.9088358521935005, 0.09190262617881931, 0.5501610055375908], [-0.6990893264199857, 0.14716819224450256, 0.29677104831039525]], "weights": [[0.9942151819336406, 0.0031379808922528908, 0.002646837174106666], [0.0, 0.3470797883635348, 0.6529202116364652], [0.13959796289663684, 0.5179552999813026, 0.3424467371220606], [0.014652768808060303, 0.16423754831408446, 0.8211096828778552]]}}}, "140": {"2c": {"fit": {"component_params": [[-1.986170226028391, -1.5742639431815544, 0.7316791167866389], [-1.4926189200024649, 0.21008611281165246, 0.43910751179216406]], "weights": [[0.9884607576426426, 0.011539242357357338], [0.0046863149164540815, 0.995313685083546], [0.23014773028770485, 0.7698522697122951], [0.011004610880169165, 0.988995389119831]]}}, "3c": {"fit": {"component_params": [[-2.441413868875755, -1.5716744011997266, 0.7368640640599887], [-0.5598431583763607, -0.3072778779256241, 0.38324505834400535], [0.0806935225190712, -0.02578038433285345, 0.28048925273507985]], "weights": [[0.9823469269171298, 0.016081647852553123, 0.0015714252303170668], [0.004643795055131489, 0.07784457668410365, 0.9175116282607649], [0.21654389131621468, 0.24764086502326357, 0.5358152436605218], [0.010774360048911023, 0.10545928486913216, 0.8837663550819568]]}}}, "141": {"2c": {"fit": {"component_params": [[-3.2960394051871793, -1.4529587722970678, 0.882504922496099], [-1.4155638741461298, 0.2145147458126816, 0.43481123299116914]], "weights": [[0.9860867556203409, 0.013913244379659157], [0.0, 1.0], [0.16245719190626798, 0.837542808093732], [0.009231763704595351, 0.9907682362954047]]}}, "3c": {"fit": {"component_params": [[-3.6228087239627653, -1.460883276711232, 0.8812382318431982], [-0.6876201727738619, -0.20569057502584642, 0.388868060860293], [-0.1201577434730434, 0.042505836322795906, 0.2790997025675351]], "weights": [[0.9860086528746337, 0.0017151534850780783, 0.012276193640288357], [0.0, 0.18065697160459934, 0.8193430283954006], [0.15121160191939212, 0.3578072743675924, 0.49098112371301544], [0.009240550373787751, 0.08790193161351624, 0.902857518012696]]}}}, "142": {"2c": {"fit